0000000000011111111100000000
0000000000011111111100000000
0000000111111111111111110000
0000001111111100001111111100
0000111111000000000000111110
0001111100000000000000011111
0011111000000000000000001111
0011111000000000000000001111
0011110000000000000000001111
0011110000000000000000000010
1111000000000000000000000000
1111000000000000000000000000
1111000000000000000000000000
1111000000000000000000000000
1111000000000000000000000000
1111000000000000111111111111
1111000000000000111111111111
1111000000000000111111111111
1111000000000000000000000011
1111000000000000000000000011
1111110000000000000000000011
1111110000000000000000000011
0011110000000000000000000011
0011111000000000000000000011
0001111100000000000000001111
0000111111000000000000011111
0000001111111100001111111111
0000000011111111111111111100
