1111111110000000000000011111
1111111110000000000000011111
1111111110000000000000011111
1111111111110000000000011111
1111111111110000000000011111
0001111111110000000011111111
0001111111110000000011111111
0000001111111110011111111100
0000001111111110011111111100
0000001111111111111111111100
0000001111111111111111111100
0000000001111111111111100000
0000000001111111111111100000
0000000001111111111111100000
0000000001111111111111100000
0000000001111111111111100000
0000000001111111111111100000
0000000001111111111111100000
0000001111111111111111111100
0000001111111111111111111100
0000001111111110011111111100
0000001111111110011111111100
0001111111110000000011111111
0001111111110000000011111111
0001111111110000000011111111
0001111111110000000011111111
1111111110000000000000011111
1111111110000000000000011111

