0000000000011111110000000000
0000000000011111110000000000
0000000000011111110000000000
0000000000011111110000000000
0000000000011111110000000000
0000000000011111111111000000
0000000000011111111111000000
1111111111111111111111111111
1111111111111111111111111111
1111111111111111111111111111
0000000000011111111111000000
0000000000011111111111000000
0000000000011111110000000000
0000000000011111110000000000
0000000000011111110000000000
0000000000011111110000000000
0000000000011111110000000000
0000000000011111110000000000
0000000000011111110000000000
0000000000011111110000000000
0000000000011111110000000000
0000000000011111110000000000
0000000000011111110000000000
0000000000011111110000000000
0000000000011111111111000000
0000000000011111111111000000
0000000000011111111111000000
0000000000011111111111111111
