1111111111111111111100000000
1111111111111111111100000000
1111111111111111111111110000
1111111111111111111111111100
1111100000000000000011111110
1111100000000000000000011111
1111100000000000000000001111
1111100000000000000000001111
1111100000000000000000001111
1111100000000000000000000011
1111100000000000000000000011
1111100000000000000000000011
1111100000000000000000000011
1111100000000000000000000011
1111100000000000000000000011
1111100000000000000000000011
1111100000000000000000000011
1111100000000000000000000011
1111100000000000000000000011
1111100000000000000000000011
1111100000000000000000000011
1111100000000000000000000011
1111100000000000000000001111
1111100000000000000000001111
1111100000000000000000011110
1111100000000000000011111110
1111111111111111111111111100
1111111111111111111111110000
