1111111111111111111100000000
1111111111111111111100000000
1111111111111111111111110000
1111111111111111111111110000
1111110000000000111111111100
1111110000000000000011111111
1111110000000000000011111111
1111110000000000000000111111
1111110000000000000000111111
1111110000000000000000111111
1111110000000000000000001111
1111110000000000000000001111
1111110000000000000000001111
1111110000000000000000001111
1111110000000000000000001111
1111110000000000000000001111
1111110000000000000000001111
1111110000000000000000001111
1111110000000000000000001111
1111110000000000000000111111
1111110000000000000000111111
1111110000000000000000111111
1111110000000000000011111111
1111110000000000000011111111
1111110000000000001111111100
1111110000001111111111110000
1111110000001111111111110000
1111111111111111111111000000
