0000000000000000000000000011
0000000000000000000000000011
0000000000000000000000000011
0000000000000000000000000011
0000000000000000000000000011
0000000000000000000000000011
0000000000000000000000000011
0000000000000000000000000011
0000000000000000000000000011
0000000000000000000000000011
0000000000000000000000000011
0000000000000000000000000011
0000000000000000000000000011
0000000000000000000000000011
0000000000000000000000000011
0000000000000000000000000011
0000000000000000000000000011
0000000000000000000000000011
0000000000000000000000000011
0000000000000000000000000011
0001111100000000000000000011
0001111100000000000000000011
1111111100000000000000001111
1111111100000000000000001111
0001111111000000000000001111
0001111111110000000000111111
0000011111111111111111111111
0000011111111111111111111100
