0000000011111111111111111100
0000000011111111111111111100
0000011111110000000000111111
0000011111110000000000111111
0001111100000000000000001111
1111100000000000000000000011
1111100000000000000000000011
1111100000000000000000000011
1111100000000000000000000011
1111100000000000000000000000
1111100000000000000000000000
1111100000000000000000000000
1111100000000000000000000000
1111100000000000000000000000
1110000000000000000000000000
1110000000000000000000000000
1110000000000000000000000000
1111100000000000000000000000
1111100000000000000000000000
1111100000000000000000000000
1111100000000000000000000011
1111100000000000000000000011
1111100000000000000000000011
1111100000000000000000000011
0001111100000000000000000011
0001111111000000000000001111
0001111111000000000000001111
0000011111111110011111111100
