0000000000000000111111000000
0000000000000000111111000000
0000000001111111111111111111
0000000111111111111111111111
0000000111111111111111111111
0000011111111000000000001111
0000011111100000000000000000
0000011111100000000000000000
0001111110000000000000000000
0001111110000000000000000000
0001111110000000000000000000
0001111110000000000000000000
0001111000000000000000000000
0001111000000000000000000000
1111111000000000000000000000
1111111000000000000000000000
1111111000000000000000000000
1111111000000000000000000000
0001111000000000000000000000
0001111000000000000000000000
0001111110000000000000000000
0001111110000000000000000000
0001111110000000000000000000
0001111111100000000000000000
0000011111111000000000000011
0000011111111000000000000011
0000011111111111110000111111
0000000111111111111111111111
