1111111111111111111111100000
1111111111111111111111100000
1111111111111111111111111111
1111111111111111111111111111
1111111100000000001111111111
1111111100000000000001111111
1111111100000000000001111111
1111111100000000000000011111
1111111100000000000000011111
1111111100000000000000011111
1111111100000000000000011111
1111111100000000000001111111
1111111100000000000001111111
1111111100000000001111111111
1111111100000000001111111111
1111111111111111111111111111
1111111111111111111111100000
1111111111111111111111100000
1111111111111111000000000000
1111111100000000000000000000
1111111100000000000000000000
1111111100000000000000000000
1111111100000000000000000000
1111111100000000000000000000
1111111100000000000000000000
1111111100000000000000000000
1111111100000000000000000000
1111111100000000000000000000
