1111110000000000000000000000
1111110000000000000000000000
1111110000000000000000000000
1111110000000000000000000000
1111110000000000000000000000
1111110000000000000000000000
1111110000000000000000000000
1111110000000000000000000000
1111110000000001111111100000
1111110001111111111111111111
1111110001111111111111111111
1111111111111111111111111111
1111111111110000000000011111
1111111111110000000000011111
1111111110000000000000011111
1111110000000000000000000011
1111110000000000000000000011
1111110000000000000000000011
1111110000000000000000000011
1111110000000000000000000011
1111110000000000000000000011
1111110000000000000000000011
1111110000000000000000000011
1111110000000000000000000011
1111110000000000000000000011
1111110000000000000000000011
1111110000000000000000000011
1111110000000000000000000011
