0000000000000111111100000000
0000000000000111111100000000
0000000000011111111100000000
0000000000011111111100000000
0000000000011111111100000000
0000000000011111111111000000
0000000000011111111111000000
0000000001111110111111000000
0000000001111110001111000000
0000000001111110001111000000
0000000001111000001111100000
0000000011111000001111100000
0000000011111000001111100000
0000000011111000000011111000
0000000011111000000011111000
0000000011100000000011111000
0000001111100000000011111000
0000001111100000000011111000
0000001111100000000011111110
0000111111111111111111111110
0000111111111111111111111110
0000111111111111111111111110
0000111110000000000000011111
0000111110000000000000011111
0011111100000000000000011111
0011111100000000000000011111
0011111100000000000000011111
0011111100000000000000000111
