1111100000000000000000001111
1111100000000000000000001111
1111100000000000000000111111
1111100000000000000001111110
1111100000000000000111111000
1111100000000000001111110000
1111100000000000111111000000
1111100000000000111111000000
1111100000000001111110000000
1111100000000111111000000000
1111100000011111110000000000
1111100000111111000000000000
1111100011111111000000000000
1111100111111111000000000000
1111100111111111000000000000
1111111111111111110000000000
1111111111000111111000000000
1111111000000001111000000000
1111100000000001111110000000
1111100000000000111111000000
1111100000000000001111000000
1111100000000000001111000000
1111100000000000001111110000
1111100000000000000111111000
1111100000000000000001111110
1111100000000000000001111110
1111100000000000000000111111
1111100000000000000000001111
