0000000000000111111100000000
0000000000000111111100000000
0000000111111111111111110000
0000000111111111111111110000
0000011111111111111111111100
0000011111111111111111111100
0001111111100000000011111111
0001111111100000000011111111
0001111110000000000000111111
0001111110000000000000111111
1111111000000000000000001111
1111111000000000000000001111
1111111000000000000000001111
1111111000000000000000001111
1111111000000000000000001111
1111111000000000000000001111
1111111000000000000000001111
1111111000000000000000001111
1111111000000000000000001111
1111111000000000000000001111
1111111110000000000000111111
1111111110000000000000111111
0001111110000000000000111111
0001111110000000000000111111
0001111111100000001111111100
0001111111100000001111111100
0000011111111111111111111100
0000011111111111111111111100
