0000000000000001111111100000
0000000000000001111111100000
0000001111111111111111111111
0000001111111111111111111111
0001111111111111111111111111
0001111111111111111111111111
0001111110000000000000011111
0001111110000000000000011111
0000000000000000000000000011
0000000000000000000000000011
0000000000000000000000000011
0000000000000000000000000011
0000000000000000000000011111
0000000000000000000000011111
0000001111111111111111111111
0000001111111111111111111111
0001111111111111100000011111
0001111111111111100000011111
1111111111110000000000000011
1111111111110000000000000011
1111111110000000000000000011
1111111110000000000000000011
1111111110000000000000011111
1111111110000000000000011111
1111111111110000000011111111
1111111111110000000011111111
0001111111111111111111111111
0001111111111111111111111111
