0000000000001111111100000000
0000000000001111111100000000
0001111111111111111111111111
0001111111111111111111111111
1111111111111111111111111111
1111111111111111111111111111
1111110000000000000000011111
1111110000000000000000011111
0000000000000000000000011111
0000000000000000000000011111
0000000000000000000000011111
0000000000000000000000011111
0000000000000000000011111111
0000000000000000000011111111
0000001111111111111111111111
0000001111111111111111111111
1111111111111110000000011111
1111111111111110000000011111
1111111110000000000000011111
1111111110000000000000011111
1111110000000000000000011111
1111110000000000000000011111
1111111110000000000000011111
1111111110000000000000011111
1111111110000000011111111111
1111111110000000011111111111
1111111111111111111111111111
1111111111111111111111111111
