1111110000000000000000000000
1111110000000000000000000000
1111110000000000000000000000
1111110000000000000000000000
1111110000000000000000000000
1111110000000000000000000000
1111110000000000000000000000
1111110000000000000000000000
1111110000000000000000000000
1111111111111111111111111111
1111111111111111111111111111
1111110000000000000000000000
1111110000000000000000000000
1111110000000000000000000000
1111110000000000000000000000
1111110000000000000000000000
1111110000000000000000000000
1111110000000000000000000000
1111110000000000000000000000
1111110000000000000000000000
1111110000000000000000000000
1111110000000000000000000000
1111110000000000000000000000
1111110000000000000000000000
1111110000000000000000000000
1111110000000000000000000000
1111111111111111111111111111
1111111111111111111111111111
