1111100000000000000000000111
1111100000000000000000000111
1111100000000000000000000111
1111100000000000000000000111
1111100000000000000000000111
1111100000000000000000000111
1111100000000000000000000111
1111100000000000000000000111
1111100000000000000000000111
1111100000000000000000000111
1111100000000000000000000111
1111100000000000000000000111
1111100000000000000000000111
1111100000000000000000000111
1111100000000000000000000111
1111100000000000000000000111
1111100000000000000000000111
1111100000000000000000000111
1111100000000000000000000111
1111100000000000000000000111
1111100000000000000000000111
1111100000000000000000000111
1111100000000000000000000111
1111100000000000000000000111
1111111000000000000000001111
0011111110000000000000111111
0000111111111111111111111110
0000011111111111111111111000
