0011110000000000000000001111
0011110000000000000000001111
0011111100000000000000011111
0001111110000000000000111110
0000011110000000000000111100
0000001111000000000011110000
0000001111110000000111110000
0000001111110000000111110000
0000000011111000011111100000
0000000001111000011111000000
0000000001111110111111000000
0000000000111111111100000000
0000000000001111111000000000
0000000000001111100000000000
0000000000001111100000000000
0000000000001111111000000000
0000000000001111111000000000
0000000000111111111100000000
0000000001111110111111000000
0000000011111000011111000000
0000000011110000011111100000
0000000011110000011111100000
0000001111110000000111110000
0000011111000000000011111100
0000011110000000000011111100
0001111100000000000000111110
0011111100000000000000011111
1111110000000000000000001111
