1111111111100000000000011111
1111111111100000000000011111
1111111111100000000000011111
0001111111100000000001111111
0001111111100000000001111111
0000001111111000001111111111
0000001111111000001111111111
0000001111111000001111111100
0000001111111000001111111100
0000000011111111111111100000
0000000011111111111111100000
0000000011111111111111100000
0000000011111111111111100000
0000000000011111111110000000
0000000000011111111110000000
0000000000011111111110000000
0000000000011111111111100000
0000000000011111111111100000
0000000011111111111111100000
0000000011111111111111100000
0000001111111000001111111100
0000001111111000001111111100
0000001111111000001111111100
0000001111111000001111111100
0001111111100000000001111111
0001111111100000000001111111
1111111111100000000001111111
1111111111100000000001111111
