0000000000011111000000000000
0000000000011111000000000000
0000001111111111111111111111
0000001111111111111111111111
0001111111111000111111111111
0001111111111000111111111111
1111111100000000001111111100
1111111100000000001111111100
1111111100000000000001111100
1111111100000000000001111100
1111110000000000000001111100
1111110000000000000001111100
1111111100000000000001111100
1111111100000000000001111100
1111111111100000001111111100
1111111111100000001111111100
0001111111111111111111100000
0001111111111111111111100000
1111111111111111111110000000
1111111111111111111110000000
1111110000000000000000000000
1111110000000000000000000000
1111111100000000000000000000
1111111100000000000000000000
1111111111111111111111111100
1111111111111111111111111100
1111111111111111111111111111
1111111111111111111111111111
