0000000000000111110000000000
0000000000000111110000000000
0000001111111111111111111111
0000001111111111111111111111
0001111111111000111111111111
0001111111111000111111111111
0001111111100000000001111111
0001111111100000000001111111
0001111100000000000001111111
0001111100000000000001111111
0001111100000000000001111111
0001111100000000000001111111
0001111100000000000001111111
0001111100000000000001111111
0001111111100000001111111111
0001111111100000001111111111
0001111111111111111111111100
0001111111111111111111111100
1111111111111111111111100000
1111111111111111111111100000
1111111100000000000000000000
1111111100000000000000000000
1111111100000000000000000000
1111111100000000000000000000
0001111111111111111111111111
0001111111111111111111111111
0001111111111111111111111111
0001111111111111111111111111
