0000000000011111111111000000
0000000000011111111111000000
0000111111111111111111111111
0000111111111111111111111111
1111111111111111111111111111
1111111111111111111111111111
1111111111100000000000000000
1111111111100000000000000000
1111111111100000000000000000
1111111111100000000000000000
1111111111100000000000000000
1111111111100000000000000000
1111111111111111110000000000
1111111111111111110000000000
0000111111111111111111111000
0000111111111111111111111000
0000000000011111111111111111
0000000000011111111111111111
0000000000000000001111111111
0000000000000000001111111111
0000000000000000000000111111
0000000000000000000000111111
0000000000000000000000111111
0000000000000000000000111111
1111111100000000001111111111
1111111100000000001111111111
1111111111111111111111111111
1111111111111111111111111111

