1111100000000000000000000111
1111100000000000000000000111
1111100000000000000000000111
1111100000000000000000000111
1111100000000000000000000111
1111100000000000000000000111
1111100000000000000000000111
1111100000000000000000000111
1111100000000000000000000111
1111100000000000000000000111
1111100000000000000000000111
1111100000000000000000000111
1111111111111111111111111111
1111111111111111111111111111
1111111111111111111111111111
1111111111111111111111111111
1111100000000000000000000111
1111100000000000000000000111
1111100000000000000000000111
1111100000000000000000000111
1111100000000000000000000111
1111100000000000000000000111
1111100000000000000000000111
1111100000000000000000000111
1111100000000000000000000111
1111100000000000000000000111
1111100000000000000000000111
1111100000000000000000000111
