1111100000000000000000000011
1111100000000000000000000011
1111100000000000000000000011
1111100000000000000000000011
1111100000000000000000000011
1111100000000000000000000011
1111100000000000000000000011
1111111000000000000000000011
1111111000000000000000000011
1111111111111111111111111111
1111111111111111111111111111
1111100000000000000000000011
1111100000000000000000000011
1111100000000000000000000011
1111100000000000000000000011
1111100000000000000000000011
1111100000000000000000000011
1111100000000000000000000011
1111100000000000000000000011
1111100000000000000000000011
1111100000000000000000000011
1111100000000000000000000011
1111100000000000000000000011
1111100000000000000000000011
1111100000000000000000000011
1111100000000000000000000011
1111100000000000000000000011
1111100000000000000000000011
