1111110000000000000000000111
1111110000000000000000000111
1111110000000000000000000111
1111110000000000000000000111
0011111100000000000000000111
0011111100000000000000011111
0011111100000000000000011111
0011111100000000000000011111
0000111111000000000000011110
0000111111000000000000011110
0000111111000000000001111110
0000111111000000000001111110
0000111111000000000001111110
0000001111110000000001111000
0000001111110000000001111000
0000001111110000000111111000
0000001111110000000111111000
0000001111110000000111111000
0000000011111100000111100000
0000000011111100011111100000
0000000011111100011111100000
0000000000111100011111100000
0000000000111110011110000000
0000000000111110011110000000
0000000000111111111110000000
0000000000001111111110000000
0000000000001111111110000000
0000000000001111111000000000
