1111100000000000000000000011
1111100000000000000000000011
1111100000000000000000000011
1111110000000000000000000011
0011110000000000000000001111
0011110000000000000000001111
0001111100000000000000011110
0001111100000000000000011110
0001111100000000000000011110
0001111100000000000000011110
0000011110000000000000111100
0000011110000000000000111100
0000011110000000000000111100
0000001111000000000011110000
0000001111000000000011110000
0000001111000000000011110000
0000000011000000000011100000
0000000011110000000111100000
0000000011110000000111100000
0000000001111000011111000000
0000000001111000011111000000
0000000001111000011111000000
0000000001111000011111000000
0000000000111110111100000000
0000000000111110111100000000
0000000000001110111000000000
0000000000001111111000000000
0000000000001111111000000000
