1111111000000000000000000111
1111111000000000000000000111
1111111100000000000000000111
1111111100000000000000011111
1111111100000000000000011111
1111111100000000000000011111
1111001110000000000000111101
1111001110000000000000111101
1111001110000000000000111001
1111000110000000000000111001
1111000111100000000001111001
1111000111100000000001100001
1111000011100000000001100001
1111000011110000000011100001
1111000011110000000011100001
1111000011110000000011000001
1111000001110000000011000001
1111000001111000001111000001
1111000001111000001110000001
1111000000011000001110000001
1111000000011110011110000001
1111000000011110011110000001
1111000000011110011100000001
1111000000001110011100000001
1111000000001111111100000001
1111000000001111110000000001
1111000000000111110000000001
1111000000000111110000000001
