1111111100000000000000011111
1111111100000000000000011111
1111111100000000000000011111
1111111100000000000000011111
1111111100000000000000111111
1111111110000000000000111111
1111111110000000000000111111
1111111110000000000000110011
1111101111000000000011110011
1111101111000000000011110011
1111101111000000000011100011
1111100011000000000111100011
1111100011000000000111100011
1111100011110000000111100011
1111100011110000000111100011
1111100011110000011111000011
1111100001111000011111000011
1111100001111000011111000011
1111100001111000011100000011
1111100000111000111100000011
1111100000111000111100000011
1111100000111110111100000011
1111100000111111111000000011
1111100000111111111000000011
1111100000001111111000000011
1111100000001111100000000011
1111100000001111100000000011
1111100000001111100000000011
