1111111111111111111111111000000
1111111111111111111111000000
1111111111111111111111110000
1111100000000000011111111100
1111100000000000000011111100
1111100000000000000000111110
1111100000000000000000011110
1111100000000000000000011110
1111100000000000000000011110
1111100000000000000000011110
1111100000000000000000111110
1111100000000000000000111100
1111100000000000000111111100
1111111111111111111111110000
1111111111111111111111110000
1111111111111111111111000000
1111100000001111111000000000
1111100000000001111100000000
1111100000000000111111000000
1111100000000000011111100000
1111100000000000000111100000
1111100000000000000111100000
1111100000000000000111110000
1111100000000000000011111100
1111100000000000000011111100
1111100000000000000000111110
1111100000000000000000011111
1111100000000000000000011111
