1111111100000000011111111100
1111111100000000011111111100
1111100000000000000000001111
1111100000000000000000001111
1111100000000000000000001111
1111100000000000000000001111
1111100000000000000000001111
1111100000000000000000001111
1111100000000000000000000011
1111100000000000000000001111
1111100000000000000000001111
1111100000000000000000001111
1111100000000000000000001111
1111100000000000000111111100
1111100000000000000111111100
1111111111111111111111110000
1111111100000000011111000000
1111111100000000011111000000
1111100000000000000111110000
1111100000000000000111110000
1111100000000000000111110000
1111100000000000000111110000
1111100000000000000000111100
1111100000000000000000111100
1111100000000000000000111100
1111100000000000000000001111
1111100000000000000000001111
1111100000000000000000001111
