0011111111111111111111111111
0011111111111111111111111111
0011111111111111111111111111
0000111111111111111111111111
0000000000000000000000111111
0000000000000000000001111110
0000000000000000000001111110
0000000000000000000001111110
0000000000000000000111111000
0000000000000000001111110000
0000000000000000111111000000
0000000000000000111110000000
0000000000000001111110000000
0000000000000111111000000000
0000000000000111111000000000
0000000000011111110000000000
0000000000011111000000000000
0000000000111111000000000000
0000000011111110000000000000
0000000111111000000000000000
0000000111100000000000000000
0000000111100000000000000000
0000011111100000000000000000
0000111111000000000000000000
0011111100000000000000000000
0011111000000000000000000000
1111111111111111111111111111
1111111111111111111111111111
