0000000000001111111000000000
0000000000001111111000000000
0000000011111111111111111100
0000000011111111111111111100
0000011111111110011111111111
0000011111111110011111111111
0001111111000000000000111111
0001111111000000000000111111
0001111111000000000000001111
0001111111000000000000001111
1111111100000000000000001111
1111111100000000000000001111
1111111111111111111111111111
1111111111111111111111111111
1111111111111111111111111111
1111111111111111111111111111
1111111111000000000000000000
1111111111000000000000000000
1111111100000000000000000000
1111111100000000000000000000
0001111100000000000000000000
0001111100000000000000000000
0001111111000000000000000000
0001111111000000000000000000
0001111111110000000000001111
0001111111110000000000001111
0000011111111111111111111111
0000011111111111111111111111
