0000000000000000111111111100
0000000000000000111111111100
0000000000000000111111100000
0000000000000111111110000000
0000000000000111111110000000
0000000000000111110000000000
0000000000000000000000000000
0000000000000000000000000000
0000000000000111111110000000
0000001111111111111111111100
0000001111111111111111111100
0001111111111111001111111111
0001111111100000000001111111
0001111111100000000001111111
1111111100000000000000011111
1111111100000000000000011111
1111111100000000000000011111
1111111111111111111111111111
1111111111111111111111111111
1111111111111111111111111111
1111111100000000000000000000
1111111100000000000000000000
1111111100000000000000000000
1111111100000000000000000000
1111111111100000000000000000
1111111111100000000000000000
0001111111111000000000011111
0000001111111111111111111111
