0000000000011111111100000000
0000000000011111111100000000
0000000011111111111111100000
0000001111111000011111111000
0000111111100000000001111100
0000111100000000000000111110
0001111000000000000000011111
0001111000000000000000011111
0011111000000000000000000111
0011110000000000000000000111
0011110000000000000000000011
0011110000000000000000000011
1111000000000000000000000011
1111000000000000000000000011
1111000000000000000000000011
1111000000000000000000000011
1111000000000000000000000011
1111000000000000000000000011
0011110000000000000000000011
0011110000000000000000000011
0011110000000000000000000111
0011110000000000000000000111
0011111000000000000000000111
0001111000000000000000011111
0000111100000000000000111110
0000111111100000000001111100
0000000111111000011111111000
0000000011111111111111100000
