0000000000000111111100000000
0000000000000111111100000000
0000000011111111111111111000
0000001111111111111111111110
0000001111111111111111111110
0000111111100000000000111111
0000111110000000000000011111
0000111110000000000000011111
0011111100000000000000000111
0011111100000000000000000111
0011111100000000000000000111
0011111100000000000000000111
0011110000000000000000000001
0011110000000000000000000001
1111110000000000000000000001
1111110000000000000000000001
1111110000000000000000000001
1111110000000000000000000001
0011110000000000000000000001
0011110000000000000000000001
0011111100000000000000000111
0011111100000000000000000111
0011111100000000000000000111
0011111110000000000000011111
0000111110000000000000111111
0000111110000000000000111111
0000111111111000001111111110
0000001111111111111111111000
