1111111111111111111111111111
1111111111111111111111111111
1111111111111111111111111111
1111111111111111111111111111
1111111110000000000000000000
1111111110000000000000000000
1111111110000000000000000000
1111111110000000000000000000
1111111110000000000000000000
1111111110000000000000000000
1111111110000000000000000000
1111111110000000000000000000
1111111110000000000000000000
1111111111111111111111111111
1111111111111111111111111111
1111111111111111111111111111
1111111111110000000000000011
1111111111110000000000000011
1111111110000000000000000000
1111111110000000000000000000
1111111110000000000000000000
1111111110000000000000000000
1111111110000000000000000000
1111111110000000000000000000
1111111110000000000000000000
1111111110000000000000000000
1111111110000000000000000000
1111111110000000000000000000
