1111110000000000000000000011
1111110000000000000000000011
0011110000000000000000001111
0011111100000000000000001111
0001111110000000000000011110
0000011110000000000000111110
0000011111000000000000111100
0000011111000000000000111100
0000001111110000000011110000
0000000011110000000111110000
0000000011111000000111100000
0000000001111110011111000000
0000000000111110111111000000
0000000000111111111100000000
0000000000111111111100000000
0000000000001111111000000000
0000000000000111100000000000
0000000000000111100000000000
0000000000000111100000000000
0000000000000111100000000000
0000000000000111100000000000
0000000000000111100000000000
0000000000000111100000000000
0000000000000111100000000000
0000000000000111100000000000
0000000000000111100000000000
0000000000000111100000000000
0000000000000111100000000000
