1111111100000000000000001111
1111111100000000000000001111
1111111111000000000000001111
1111111111000000000000001111
1111111111000000000000001111
1111111111110000000000001111
1111111111110000000000001111
1111111111110000000000001111
1111000011111100000000001111
1111000011111100000000001111
1111000011111111000000001111
1111000000111111000000001111
1111000000111111000000001111
1111000000111111110000001111
1111000000111111110000001111
1111000000001111110000001111
1111000000001111111100001111
1111000000001111111100001111
1111000000000011111100001111
1111000000000000111111001111
1111000000000000111111001111
1111000000000000111111111111
1111000000000000001111111111
1111000000000000001111111111
1111000000000000001111111111
1111000000000000000011111111
1111000000000000000011111111
1111000000000000000011111111
