1111100000000000000000000111
1111100000000000000000000111
1111111000000000000000000111
1111111000000000000000000111
1111111100000000000000000111
1111111111000000000000000111
1111111111000000000000000111
1111111111000000000000000111
1111100111100000000000000111
1111100111111000000000000111
1111100011111000000000000111
1111100011111110000000000111
1111100000111111000000000111
1111100000011111000000000111
1111100000011111000000000111
1111100000011111110000000111
1111100000000111111000000111
1111100000000001111000000111
1111100000000001111110000111
1111100000000000111111000111
1111100000000000001111000111
1111100000000000001111000111
1111100000000000001111110111
1111100000000000000111111111
1111100000000000000001111111
1111100000000000000001111111
1111100000000000000000111111
1111100000000000000000001111
