0000000000011111110000000000
0000000000011111110000000000
0000001111111111111111100011
0000001111111111111111100011
0001111111111111111111111111
0001111111111111111111111111
0001111111100000000001111111
0001111111100000000001111111
1111111100000000000000011111
1111111100000000000000011111
1111111100000000000000000011
1111111100000000000000000011
1111111100000000000000000011
1111111100000000000000000011
1111111100000000000000000011
1111111100000000000000000011
1111111100000000000000000011
1111111100000000000000000011
1111111100000000000000000011
1111111100000000000000000011
1111111100000000000000011111
1111111100000000000000011111
1111111111100000000001111111
1111111111100000000001111111
0001111111111000001111111111
0001111111111000001111111111
0001111111111111111111111111
0001111111111111111111111111
