0000000000111111111110000000
0000000000111111111110000000
0000000111111111111111110000
0000011111111111111111111110
0000111111000000000000111111
0011111100000000000000001111
0011111000000000000000001111
0011111000000000000000001111
0011111000000000000000000111
0011111000000000000000000000
0011111100000000000000000000
0000111111100000000000000000
0000111111111111000000000000
0000000111111111111111000000
0000000111111111111111000000
0000000000111111111111111000
0000000000000001111111111111
0000000000000000000001111111
0000000000000000000000001111
0000000000000000000000000111
1111100000000000000000000111
1111100000000000000000000111
1111100000000000000000000111
0011111000000000000000000111
0011111100000000000000001111
0000111111000000000000111111
0000111111111111111111111110
0000000111111111111111111000
