1110000000000111100000000001
1110000000000111100000000001
1110000000000111100000000001
1110000000000111110000000001
1110000000001111110000000001
0111000000001110110000000001
0111000000001100110000000011
0111000000001100110000000011
0111000000011100111000000011
0111000000011100111000000011
0011100000011100011000000011
0011100000011000011100000111
0011100000111000011100000111
0011100000111000011100000111
0011100000111000011100000111
0001100000110000001100000110
0001110000110000001110001110
0001110001110000001110001110
0000110001110000001110001100
0000110001100000000110001100
0000111001100000000111011100
0000111001100000000111011100
0000111011100000000111011100
0000011011100000000011011000
0000011011000000000011011000
0000011111000000000011111000
0000011111000000000011111000
0000001110000000000001110000
