0000000000000000111110000000
0000000000000000111110000000
1111110000011111111111111100
1111110000011111111111111100
1111111111111111111111111111
1111111111111111111111111111
1111111111111000000001111111
1111111111111000000001111111
1111111111100000000000011111
1111111111100000000000011111
1111111100000000000000011111
1111111100000000000000011111
1111111100000000000000011111
1111111100000000000000011111
1111111100000000000000011111
1111111100000000000000011111
1111111100000000000000011111
1111111100000000000000011111
1111111100000000000000011111
1111111100000000000000011111
1111111100000000000000011111
1111111100000000000000011111
1111111100000000000000011111
1111111100000000000000011111
1111111100000000000000011111
1111111100000000000000011111
1111111100000000000000011111
1111111100000000000000011111
