1111111100000000000000001111
1111111100000000000000001111
1111111100000000000000001111
1111111100000000000000001111
0001111111000000000000111111
0001111111000000000000111111
0001111111000000000000111111
0001111111000000000111111100
0000011111110000000111111100
0000011111110000000111111100
0000011111110000000111111100
0000000011110000011111110000
0000000011110000011111110000
0000000011111110011111110000
0000000011111110011111110000
0000000011111111111111000000
0000000000111111111111000000
0000000000111111111111000000
0000000000111111111111000000
0000000000111111111000000000
0000000000111111111000000000
0000000000001111111000000000
0000000000001111111000000000
0000000000001111111000000000
0000000000111111100000000000
0000000000111111100000000000
0000000000111111100000000000
0000000000111111100000000000
