1111110000000000000000000011
1111110000000000000000000011
1111110000000000000000000011
1111110000000000000000000011
1111110000000000000000000011
1111110000000000000000000011
1111110000000000000000000011
1111110000000000000000000011
1111110000000000000000000011
1111110000000000000000000011
1111110000000000000000000011
1111110000000000000000000011
1111110000000000000000000011
1111110000000000000000000011
1111110000000000000000000011
1111110000000000000000000011
1111110000000000000000000011
1111110000000000000000000011
1111110000000000000000000011
1111110000000000000000000011
1111110000000000000000011111
1111110000000000000000011111
1111111110000000000011111111
1111111110000000000011111111
1111111111110000011111111111
1111111111110000011111111111
0001111111111111111111111111
0001111111111111111111111111
