1111110000000000000000001111
1111110000000000000000001111
1111110000000000000000001111
1111110000000000000000001111
1111110000000000000000001111
1111110000000000000000001111
1111110000000000000000001111
1111110000000000000000001111
1111110000000000000000001111
1111110000000000000000001111
1111110000000000000000001111
1111110000000000000000001111
1111110000000000000000001111
1111110000000000000000001111
1111110000000000000000001111
1111110000000000000000001111
1111110000000000000000001111
1111110000000000000000001111
1111110000000000000000001111
1111110000000000000000001111
1111110000000000000000001111
0011110000000000000000001111
0011111100000000000000001111
0011111100000000000000001111
0011111111000000000000111111
0000111111110000001111111111
0000111111110000001111111111
0000111111111111111111111100
