0000000000000000000000011111
0000000000000000000000011111
0000000000000000011111111111
0000000000000000011111111111
0000000000000000000000000000
0000000000000000000000000000
0000000000000000000000000000
0000000000000000000000000000
0000000000000000011111111111
0000000000000000011111111111
0000000000000000011111111111
0000000000000000011111111111
0000000000000000011111111111
0000000000000000011111111111
0000000000000000011111111111
0000000000000000011111111111
0000000000000000011111111111
0000000000000000011111111111
0000000000000000011111111111
0000000000000000011111111111
0000000000000000011111111111
0000000000000000011111111111
0000000000000000011111111111
0000000000000000011111111111
0000000000000000011111111111
0000000000000000011111111111
0000000000000000011111111111
1111111111111111111111111111
