0000000000000000000011111111
0000000000000000000011111111
1111111100000000111111111111
1111111100000000111111111111
1111111111111111111111111111
1111111111111111111111111111
1111111111111111111100000000
1111111111111111111100000000
1111111111111111000000000000
1111111111111111000000000000
1111111111110000000000000000
1111111111110000000000000000
1111111111110000000000000000
1111111111110000000000000000
1111111111110000000000000000
1111111111110000000000000000
1111111111110000000000000000
1111111111110000000000000000
1111111111110000000000000000
1111111111110000000000000000
1111111111110000000000000000
1111111111110000000000000000
1111111111110000000000000000
1111111111110000000000000000
1111111111110000000000000000
1111111111110000000000000000
1111111111110000000000000000
1111111111110000000000000000
