0000000000000000000000001111
0000000000000000000000001111
1111111111000001111111111111
1111111111000001111111111111
1111111111111111111111111111
1111111111111111111111111111
1111111111111111111000000000
1111111111111111111000000000
1111111111111110000000000000
1111111111111110000000000000
1111111111111110000000000000
1111111111111110000000000000
1111111111000000000000000000
1111111111000000000000000000
1111111111000000000000000000
1111111111000000000000000000
1111111111000000000000000000
1111111111000000000000000000
1111111111000000000000000000
1111111111000000000000000000
1111111111000000000000000000
1111111111000000000000000000
1111111111000000000000000000
1111111111000000000000000000
1111111111000000000000000000
1111111111000000000000000000
1111111111000000000000000000
1111111111000000000000000000
