0000000011111111111111000000
0000000011111111111111000000
0000001111110000001111111100
0000111100000000000000111100
0000111100000000000000111100
0011110000000000000000001111
0011110000000000000000001111
0011110000000000000000001111
0011110000000000000000000011
1111000000000000000000000011
1111000000000000000000000011
1111000000000000000000000011
1111000000000000000000000011
1111000000000000000000000011
1111000000000000000000000011
0011000000000000000000000011
0011110000000000000000000011
0011110000000000000000001111
0011110000000000000000001111
0011110000000000000000001111
0000111100000000000000111111
0000111100000000000000111111
0000111111000000000011111100
0000001111111111111111110000
0000000000111111111111110000
0000000000111111111111110000
0000000000000000000011111100
0000000000000000000000001111
