0000000011111000000000111000
0000000011111000000000111000
1111011111111110000111111111
1111011111111110000111111111
1111111111111111111111111111
1111111111111111111111111111
1111111000011111111110000111
1111111000011111111110000111
1111100000000111111000000001
1111100000000111111000000001
1111000000000111110000000001
1111000000000111110000000001
1111000000000111110000000001
1111000000000111110000000001
1111000000000111110000000001
1111000000000111110000000001
1111000000000111110000000001
1111000000000111110000000001
1111000000000111110000000001
1111000000000111110000000001
1111000000000111110000000001
1111000000000111110000000001
1111000000000111110000000001
1111000000000111110000000001
1111000000000111110000000001
1111000000000111110000000001
1111000000000111110000000001
1111000000000111110000000001
